sample32
ax,ay,az
0.00,0.10,-1.00
0.03,0.09,-1.00
0.06,0.08,-1.00
0.08,0.06,-1.00
0.09,0.05,-1.00
0.10,0.04,-1.00
0.11,0.03,-1.00
0.12,0.02,-1.00
0.12,0.01,-1.00
0.11,0.01,-1.00
0.10,0.01,-1.00
0.08,0.01,-1.00
0.06,0.01,-1.00
0.03,0.02,-1.00
0.00,0.03,-1.00
-0.03,0.04,-1.00
-0.04,0.04,-1.00
-0.05,0.05,-1.00
-0.04,0.05,-1.00
-0.03,0.05,-1.00
-0.02,0.04,-1.00
-0.00,0.04,-1.00
0.01,0.04,-1.00
0.01,0.04,-1.00
0.01,0.04,-1.00
-0.00,0.04,-1.00
-0.02,0.04,-1.00
-0.03,0.04,-1.00
-0.04,0.04,-1.00
-0.05,0.04,-1.00
-0.05,0.04,-1.00
-0.05,0.04,-1.00
-0.06,0.04,-1.00
-0.06,0.04,-1.00
-0.05,0.04,-1.00
-0.05,0.04,-1.00
-0.06,0.04,-1.00
-0.06,0.05,-1.00
-0.06,0.05,-1.00
-0.07,0.05,-1.00
-0.06,0.05,-1.00
-0.06,0.04,-1.00
-0.05,0.04,-1.00
-0.04,0.04,-1.00
-0.03,0.04,-1.00
-0.01,0.04,-1.00
0.00,0.03,-1.00
0.01,0.03,-1.00
0.02,0.03,-1.00
0.03,0.03,-1.00
0.03,0.03,-1.00
0.03,0.03,-1.00
0.03,0.03,-1.00
0.03,0.03,-1.00
0.03,0.03,-1.00
0.03,0.03,-1.00
0.02,0.03,-1.00
0.02,0.03,-1.00
0.01,0.03,-1.00
-0.00,0.03,-1.00
-0.02,0.03,-1.00
-0.03,0.03,-1.00
-0.04,0.03,-1.00
-0.06,0.03,-1.00
-0.07,0.03,-1.00
-0.08,0.03,-1.00
-0.08,0.03,-1.00
-0.08,0.03,-1.00
-0.08,0.03,-1.00
-0.08,0.03,-1.00
-0.07,0.02,-1.00
-0.07,0.02,-1.00
-0.06,0.03,-1.00
-0.05,0.03,-1.00
-0.04,0.03,-1.00
-0.04,0.03,-1.00
-0.04,0.03,-1.00
-0.04,0.04,-1.00
-0.05,0.04,-1.00
-0.06,0.04,-1.00
-0.07,0.04,-1.00
-0.07,0.04,-1.00
-0.07,0.04,-1.00
-0.06,0.04,-1.00
-0.04,0.04,-1.00
-0.02,0.03,-1.00
0.00,0.03,-1.00
0.03,0.02,-1.00
0.06,0.02,-1.00
0.08,0.01,-1.00
0.10,0.01,-1.00
0.11,0.01,-1.00
0.12,0.01,-1.00
0.13,0.00,-1.00
0.14,0.00,-1.00
0.14,0.00,-1.00
0.14,-0.00,-1.00
0.13,-0.00,-1.00
0.13,-0.00,-1.00
0.12,0.00,-1.00
0.10,0.00,-1.00
0.08,0.01,-1.00
0.07,0.01,-1.00
0.05,0.01,-1.00
0.04,0.01,-1.00
0.03,0.01,-1.00
0.02,0.02,-1.00
0.02,0.02,-1.00
0.01,0.02,-1.00
0.01,0.02,-1.00
0.01,0.02,-1.00
0.01,0.02,-1.00
0.01,0.02,-1.00
0.01,0.02,-1.00
0.01,0.02,-1.00
0.01,0.02,-1.00
0.01,0.02,-1.00
0.01,0.02,-1.00
0.01,0.02,-0.99
0.02,0.02,-1.00
0.03,0.02,-1.00
0.05,0.01,-1.00
0.06,0.01,-1.00
0.08,-0.00,-1.00
0.09,-0.01,-1.00
0.10,-0.01,-1.00
0.11,-0.02,-1.00
0.11,-0.02,-1.00
0.10,-0.02,-1.00
0.09,-0.01,-1.00
0.08,-0.01,-1.00
0.07,-0.00,-1.00
0.05,0.00,-1.00
0.03,0.01,-1.00
0.01,0.01,-1.00
-0.01,0.01,-1.00
-0.03,0.01,-1.00
-0.05,0.01,-1.00
-0.05,0.01,-1.00
-0.06,0.01,-1.00
-0.05,0.01,-1.00
-0.05,0.01,-1.00
-0.04,0.01,-1.00
-0.03,0.01,-1.00
-0.03,0.01,-1.00
-0.03,0.01,-1.00
-0.03,0.01,-1.00
-0.04,0.01,-1.00
-0.04,0.01,-1.00
-0.05,0.01,-1.00
-0.05,0.01,-1.00
-0.05,0.02,-1.00
-0.05,0.01,-1.00
-0.05,0.01,-1.00
-0.04,0.01,-1.00
-0.02,0.01,-1.00
-0.01,0.01,-1.00
-0.01,0.01,-1.00
-0.00,0.01,-1.00
0.00,0.01,-1.00
0.01,0.01,-1.00
0.01,0.02,-1.00
0.01,0.02,-1.00
0.01,0.02,-1.00
0.01,0.02,-1.00
0.01,0.02,-1.00
0.02,0.02,-1.00
0.03,0.02,-1.00
0.05,0.02,-1.00
0.07,0.01,-1.00
0.08,0.01,-1.00
0.09,0.02,-1.00
0.10,0.02,-1.00
0.10,0.02,-1.00
0.09,0.02,-1.00
0.08,0.02,-1.00
0.05,0.02,-1.00
0.03,0.02,-1.00
0.00,0.02,-1.00
-0.01,0.02,-1.00
-0.03,0.03,-1.00
-0.04,0.03,-1.00
-0.05,0.03,-1.00
-0.06,0.03,-1.00
-0.06,0.04,-1.00
-0.06,0.04,-1.00
-0.06,0.04,-1.00
-0.06,0.04,-1.00
-0.06,0.04,-1.00
-0.05,0.04,-1.00
-0.04,0.04,-1.00
-0.03,0.04,-1.00
-0.02,0.03,-1.00
-0.01,0.03,-1.00
-0.00,0.03,-1.00
0.01,0.03,-1.00
0.03,0.02,-1.00
0.05,0.02,-1.00
0.08,0.01,-1.00
0.10,0.00,-1.00
0.11,0.00,-1.00
0.11,0.01,-1.00
0.10,0.01,-1.00
0.08,0.02,-1.00
0.06,0.03,-1.00
0.03,0.04,-1.00
0.00,0.04,-1.00
-0.02,0.05,-1.00
-0.02,0.05,-1.00
-0.02,0.05,-1.00
0.00,0.04,-1.00
0.02,0.03,-1.00
0.04,0.02,-1.00
0.05,0.02,-1.00
0.06,0.02,-1.00
0.05,0.02,-1.00
0.04,0.03,-1.00
0.02,0.03,-1.00
0.00,0.04,-1.00
-0.02,0.05,-1.00
-0.04,0.05,-1.00
-0.05,0.05,-1.00
-0.06,0.05,-1.00
-0.06,0.05,-1.00
-0.06,0.05,-1.00
-0.06,0.05,-1.00
-0.06,0.05,-1.00
-0.06,0.05,-1.00
-0.05,0.05,-1.00
-0.05,0.05,-1.00
-0.04,0.05,-1.00
-0.04,0.05,-1.00
-0.04,0.05,-1.00
-0.03,0.04,-1.00
-0.03,0.04,-1.00
-0.02,0.04,-1.00
-0.02,0.04,-1.00
-0.02,0.04,-1.00
-0.02,0.04,-1.00
-0.02,0.04,-1.00
-0.03,0.04,-1.00
-0.04,0.03,-1.00
-0.04,0.03,-1.00
-0.05,0.03,-1.00
-0.06,0.03,-1.00
-0.07,0.03,-1.00
-0.07,0.03,-1.00
-0.06,0.02,-1.00
-0.05,0.02,-1.00
-0.04,0.02,-1.00
-0.03,0.02,-1.00
-0.01,0.02,-1.00
0.00,0.02,-1.00
0.02,0.02,-1.00
0.03,0.02,-1.00
0.04,0.02,-1.00
0.05,0.01,-1.00
0.06,0.01,-1.00
0.06,0.01,-1.00
0.07,0.01,-1.00
0.07,0.01,-1.00
0.07,0.01,-1.00
0.06,0.01,-1.00
0.06,0.01,-1.00
0.05,0.01,-1.00
0.05,0.01,-1.00
0.05,0.01,-1.00
0.05,0.01,-1.00
0.06,0.01,-1.00
0.07,0.01,-1.00
0.08,0.01,-1.00
0.09,0.00,-1.00
0.10,0.00,-1.00
0.11,0.00,-1.00
0.10,0.00,-1.00
0.10,0.00,-1.00
0.09,0.00,-1.00
0.08,0.00,-1.00
0.06,0.01,-1.00
0.05,0.01,-1.00
0.05,0.02,-1.00
0.04,0.03,-1.00
0.05,0.04,-1.00
0.05,0.04,-1.00
0.04,0.05,-1.00
0.04,0.06,-1.00




