sample40
ax,ay,az
0.06,-0.09,-0.99
0.06,-0.06,-0.97
0.07,-0.04,-0.96
0.07,-0.02,-0.95
0.07,0.01,-0.94
0.08,0.03,-0.94
0.08,0.06,-0.95
0.09,0.09,-0.96
0.08,0.08,-0.96
0.07,0.08,-0.96
0.07,0.08,-0.97
0.06,0.08,-0.97
0.05,0.08,-0.97
0.05,0.07,-0.98
0.05,0.07,-0.99
0.05,0.07,-0.99
0.05,0.07,-1.00
0.05,0.07,-1.01
0.06,0.07,-1.01
0.06,0.08,-1.01
0.07,0.08,-1.02
0.07,0.08,-1.02
0.07,0.09,-1.01
0.06,0.09,-1.01
0.05,0.09,-1.00
0.04,0.09,-1.00
0.03,0.09,-1.00
0.02,0.09,-1.00
0.01,0.09,-1.00
0.00,0.09,-1.00
-0.00,0.09,-1.00
-0.00,0.09,-1.00
-0.00,0.09,-1.00
-0.00,0.09,-1.00
0.00,0.09,-0.99
0.00,0.10,-0.99
0.00,0.10,-0.99
0.00,0.09,-1.00
0.01,0.09,-0.99
0.01,0.09,-0.99
0.01,0.09,-1.00
0.01,0.09,-1.00
0.01,0.09,-1.00
0.01,0.09,-1.00
0.01,0.09,-0.99
0.00,0.09,-0.99
-0.00,0.10,-0.99
-0.01,0.10,-0.99
-0.01,0.10,-0.99
-0.01,0.10,-0.99
-0.02,0.11,-1.00
-0.01,0.11,-1.00
-0.01,0.10,-1.01
0.01,0.10,-1.01
0.02,0.10,-1.01
0.03,0.09,-1.01
0.04,0.09,-1.01
0.05,0.09,-1.01
0.06,0.09,-1.00
0.07,0.09,-1.00
0.08,0.08,-0.99
0.08,0.08,-0.98
0.08,0.08,-0.98
0.08,0.08,-0.97
0.08,0.08,-0.97
0.08,0.07,-0.97
0.08,0.07,-0.97
0.08,0.07,-0.97
0.08,0.07,-0.98
0.09,0.07,-0.98
0.10,0.06,-0.98
0.10,0.06,-0.98
0.10,0.06,-0.98
0.10,0.06,-0.98
0.10,0.06,-0.99
0.10,0.07,-0.99
0.09,0.07,-1.00
0.08,0.08,-1.00
0.07,0.09,-1.00
0.05,0.09,-1.01
0.04,0.10,-1.01
0.03,0.10,-1.01
0.02,0.10,-1.01
0.01,0.10,-1.01
0.01,0.10,-1.00
0.01,0.10,-1.00
0.01,0.10,-1.00
0.01,0.10,-1.00
0.01,0.10,-1.00
0.01,0.09,-1.00
0.01,0.09,-1.00
0.01,0.09,-1.00
0.00,0.09,-1.00
0.01,0.09,-1.01
0.01,0.09,-1.01
0.02,0.09,-1.01
0.02,0.09,-1.01
0.03,0.09,-1.00
0.04,0.09,-1.00
0.05,0.09,-0.99
0.05,0.09,-0.99
0.06,0.09,-0.98
0.06,0.09,-0.98
0.06,0.09,-0.98
0.06,0.08,-0.98
0.05,0.08,-0.98
0.05,0.08,-0.98
0.05,0.08,-0.98
0.05,0.08,-0.98
0.05,0.08,-0.98
0.05,0.08,-0.98
0.04,0.08,-0.98
0.04,0.08,-0.99
0.04,0.08,-0.99
0.04,0.09,-0.99
0.03,0.09,-1.00
0.03,0.09,-1.00
0.03,0.09,-1.00
0.03,0.09,-1.01
0.02,0.09,-1.01
0.02,0.09,-1.02
0.03,0.09,-1.02
0.03,0.09,-1.02
0.03,0.09,-1.01
0.04,0.09,-1.01
0.04,0.09,-1.01
0.05,0.09,-1.00
0.05,0.09,-0.99
0.05,0.08,-0.98
0.05,0.08,-0.98
0.05,0.08,-0.97
0.04,0.08,-0.97
0.04,0.08,-0.97
0.04,0.08,-0.97
0.04,0.08,-0.97
0.04,0.08,-0.98
0.04,0.08,-0.98
0.04,0.08,-0.99
0.04,0.08,-0.99
0.04,0.08,-1.00
0.04,0.08,-1.00
0.03,0.09,-1.00
0.03,0.09,-1.00
0.03,0.09,-1.01
0.02,0.09,-1.01
0.02,0.09,-1.01
0.02,0.09,-1.01
0.02,0.08,-1.01
0.03,0.08,-1.02
0.03,0.08,-1.02
0.04,0.08,-1.01
0.04,0.08,-1.01
0.05,0.08,-1.00
0.05,0.08,-1.00
0.06,0.08,-0.99
0.05,0.08,-0.98
0.05,0.08,-0.97
0.04,0.08,-0.97
0.04,0.07,-0.97
0.04,0.07,-0.97
0.03,0.07,-0.97
0.04,0.07,-0.98
0.03,0.07,-0.98
0.04,0.07,-0.99
0.04,0.08,-1.00
0.04,0.08,-1.00
0.04,0.08,-1.01
0.04,0.08,-1.01
0.04,0.08,-1.02
0.04,0.08,-1.02
0.03,0.08,-1.02
0.03,0.08,-1.02
0.03,0.08,-1.02
0.04,0.08,-1.02
0.04,0.08,-1.01
0.05,0.08,-1.01
0.05,0.08,-1.00
0.05,0.08,-1.00
0.06,0.08,-0.99
0.05,0.08,-0.98
0.05,0.08,-0.97
0.05,0.08,-0.97
0.04,0.08,-0.97
0.04,0.08,-0.97
0.04,0.08,-0.97
0.04,0.07,-0.97
0.04,0.07,-0.98
0.04,0.07,-0.98
0.04,0.07,-0.99
0.05,0.07,-1.00
0.05,0.07,-1.00
0.04,0.07,-1.01
0.04,0.08,-1.01
0.04,0.08,-1.01
0.03,0.08,-1.01
0.03,0.08,-1.01
0.03,0.09,-1.01
0.02,0.09,-1.01
0.02,0.09,-1.01
0.02,0.09,-1.01
0.02,0.09,-1.01
0.02,0.08,-1.01
0.03,0.08,-1.01
0.04,0.08,-1.01
0.04,0.08,-1.01
0.05,0.08,-1.00
0.05,0.08,-0.99
0.05,0.08,-0.98
0.05,0.08,-0.97
0.04,0.08,-0.96
0.03,0.07,-0.96
0.03,0.07,-0.96
0.02,0.07,-0.97
0.02,0.07,-0.98
0.03,0.07,-0.99
0.03,0.07,-1.00
0.03,0.07,-1.00
0.03,0.08,-1.01
0.04,0.08,-1.01
0.04,0.08,-1.02
0.04,0.08,-1.01
0.03,0.08,-1.01
0.03,0.08,-1.00
0.02,0.08,-1.00
0.02,0.08,-1.00
0.01,0.08,-1.00
0.01,0.08,-1.00
0.01,0.08,-1.00
0.01,0.08,-1.00
0.01,0.09,-1.00
0.01,0.09,-1.00
0.02,0.08,-1.00
0.02,0.08,-1.00
0.03,0.08,-1.00
0.04,0.08,-1.00
0.04,0.08,-0.99
0.04,0.08,-0.99
0.04,0.08,-0.98
0.04,0.08,-0.98
0.04,0.08,-0.98
0.04,0.08,-0.98
0.04,0.07,-0.98
0.03,0.07,-0.98
0.03,0.07,-0.98
0.03,0.07,-0.99
0.03,0.07,-0.99
0.03,0.07,-0.99
0.03,0.08,-0.99
0.03,0.08,-1.00
0.03,0.08,-1.00
0.02,0.08,-1.00
0.02,0.08,-1.00
0.02,0.08,-1.00
0.02,0.08,-1.00
0.02,0.08,-1.00
0.01,0.08,-1.00
0.01,0.08,-1.00
0.01,0.08,-1.00
0.00,0.08,-1.00
0.00,0.08,-0.99
0.00,0.08,-0.99
0.00,0.08,-0.99
0.00,0.08,-0.99
0.01,0.08,-0.99
0.01,0.09,-0.99
0.01,0.09,-0.99
0.01,0.09,-0.99
0.01,0.09,-0.99
0.01,0.09,-1.00
0.01,0.09,-1.00
0.01,0.09,-1.00
0.01,0.09,-0.99
0.02,0.09,-1.00
0.02,0.09,-1.00
0.02,0.08,-1.00
0.02,0.08,-1.00
0.02,0.08,-1.00
0.02,0.08,-1.00
0.01,0.08,-1.00
0.01,0.08,-1.00
0.01,0.08,-1.01
0.00,0.08,-1.01
0.01,0.09,-1.01
0.01,0.09,-1.01
0.02,0.09,-1.01
0.03,0.08,-1.01




