sample37
ax,ay,az
0.01,0.07,-1.00
0.01,0.07,-1.00
0.01,0.07,-1.00
0.01,0.07,-1.00
0.01,0.07,-1.00
0.01,0.07,-1.00
0.01,0.07,-1.00
0.01,0.07,-1.00
0.01,0.07,-1.00
0.01,0.07,-1.00
0.01,0.07,-1.00
0.01,0.07,-1.00
0.01,0.07,-1.00
0.01,0.07,-1.00
0.01,0.07,-1.00
0.01,0.07,-1.00
0.01,0.07,-1.00
0.01,0.07,-1.00
0.01,0.07,-1.00
0.01,0.07,-1.00
0.01,0.07,-1.00
0.01,0.07,-1.00
0.01,0.07,-1.00
0.01,0.07,-1.00
0.01,0.07,-1.00
0.01,0.07,-1.00
0.01,0.07,-1.00
0.01,0.07,-1.00
0.01,0.07,-1.00
0.01,0.07,-1.00
0.01,0.07,-1.00
0.01,0.07,-1.00
0.01,0.07,-1.00
0.01,0.07,-1.00
0.01,0.07,-1.00
0.01,0.07,-1.00
0.01,0.07,-1.00
0.01,0.07,-1.00
0.01,0.07,-1.00
0.01,0.07,-1.00
0.01,0.07,-1.00
0.01,0.07,-1.00
0.01,0.07,-1.00
0.01,0.07,-1.00
0.01,0.07,-1.00
0.01,0.07,-1.00
0.01,0.07,-1.00
0.01,0.07,-1.00
0.01,0.07,-1.00
0.01,0.07,-1.00
0.01,0.07,-1.00
0.01,0.07,-1.00
0.01,0.07,-1.00
0.01,0.07,-1.00
0.01,0.07,-1.00
0.01,0.07,-1.00
0.01,0.07,-1.00
0.01,0.07,-1.00
0.01,0.07,-1.00
0.01,0.07,-1.00
0.01,0.07,-1.00
0.01,0.07,-1.00
0.01,0.07,-1.00
0.01,0.07,-1.00
0.01,0.07,-1.00
0.01,0.07,-1.00
0.01,0.07,-1.00
0.01,0.07,-1.00
0.01,0.07,-1.00
0.01,0.07,-1.00
0.01,0.07,-1.00
0.01,0.07,-1.00
0.01,0.07,-1.00
0.01,0.07,-1.00
0.01,0.07,-1.00
0.01,0.07,-1.00
0.01,0.07,-1.00
0.01,0.07,-1.00
0.01,0.07,-1.00
0.01,0.07,-1.00
0.01,0.07,-1.00
0.01,0.07,-1.00
0.01,0.07,-1.00
0.01,0.07,-1.00
0.01,0.07,-1.00
0.01,0.07,-1.00
0.01,0.07,-1.00
0.01,0.07,-1.00
0.01,0.07,-1.00
0.01,0.07,-1.00
0.01,0.07,-1.00
0.01,0.07,-1.00
0.01,0.07,-1.00
0.01,0.07,-1.00
0.01,0.07,-1.00
0.01,0.07,-1.00
0.01,0.07,-1.00
0.01,0.07,-1.00
0.01,0.07,-1.00
0.01,0.07,-1.00
0.01,0.07,-1.00
0.01,0.07,-1.00
0.01,0.07,-1.00
0.01,0.07,-1.00
0.01,0.07,-1.00
0.01,0.07,-1.00
0.01,0.07,-1.00
0.01,0.07,-1.00
0.01,0.07,-1.00
0.01,0.07,-1.00
0.01,0.07,-1.00
0.01,0.07,-1.00
0.01,0.07,-1.00
0.01,0.07,-1.00
0.01,0.07,-1.00
0.01,0.07,-1.00
0.01,0.07,-1.00
0.01,0.07,-1.00
0.01,0.07,-1.00
0.01,0.07,-1.00
0.01,0.07,-1.00
0.01,0.07,-1.00
0.01,0.07,-1.00
0.01,0.07,-1.00
0.01,0.07,-1.00
0.01,0.07,-1.00
0.01,0.07,-1.00
0.01,0.07,-1.00
0.01,0.07,-1.00
0.01,0.07,-1.00
0.01,0.07,-1.00
0.01,0.07,-1.00
0.01,0.07,-1.00
0.01,0.07,-1.00
0.01,0.07,-1.00
0.01,0.07,-1.00
0.01,0.07,-1.00
0.01,0.07,-1.00
0.01,0.07,-1.00
0.01,0.07,-1.00
0.01,0.07,-1.00
0.01,0.07,-1.00
0.01,0.07,-1.00
0.01,0.07,-1.00
0.01,0.07,-1.00
0.01,0.07,-1.00
0.01,0.07,-1.00
0.01,0.07,-1.00
0.01,0.07,-1.00
0.01,0.07,-1.00
0.01,0.07,-1.00
0.01,0.07,-1.00
0.01,0.07,-1.00
0.01,0.07,-1.00
0.01,0.07,-1.00
0.01,0.07,-1.00
0.01,0.07,-1.00
0.01,0.07,-1.00
0.01,0.07,-1.00
0.01,0.07,-1.00
0.01,0.07,-1.00
0.01,0.07,-1.00
0.01,0.07,-1.00
0.01,0.07,-1.00
0.00,0.07,-1.00
0.00,0.07,-1.00
0.00,0.07,-1.00
0.01,0.07,-1.00
0.01,0.07,-1.00
0.01,0.07,-1.00
0.01,0.07,-1.00
0.01,0.07,-1.00
0.01,0.07,-1.00
0.01,0.07,-1.00
0.01,0.07,-1.00
0.01,0.07,-1.00
0.01,0.07,-1.00
0.01,0.07,-1.00
0.01,0.07,-1.00
0.01,0.07,-1.00
0.01,0.07,-1.00
0.01,0.07,-1.00
0.01,0.07,-1.00
0.01,0.07,-1.00
0.01,0.07,-1.00
0.01,0.07,-1.00
0.01,0.07,-1.00
0.01,0.07,-1.00
0.01,0.06,-1.00
0.01,0.06,-1.00
0.01,0.07,-1.00
0.01,0.07,-1.00
0.01,0.07,-1.00
0.01,0.07,-1.00
0.01,0.07,-1.00
0.01,0.07,-1.00
0.01,0.07,-1.00
0.01,0.07,-1.00
0.01,0.07,-1.00
0.01,0.07,-1.00
0.01,0.07,-1.00
0.01,0.07,-1.00
0.01,0.07,-1.00
0.01,0.07,-1.00
0.01,0.07,-1.00
0.01,0.07,-1.00
0.01,0.07,-1.00
0.01,0.07,-1.00
0.01,0.07,-1.00
0.01,0.07,-1.00
0.01,0.07,-1.00
0.01,0.07,-1.00
0.01,0.07,-1.00
0.01,0.07,-1.00
0.01,0.07,-1.00
0.01,0.07,-1.00
0.01,0.07,-1.00
0.01,0.07,-1.00
0.01,0.07,-1.00
0.01,0.07,-1.00
0.01,0.07,-1.00
0.01,0.07,-1.00
0.01,0.07,-1.00
0.01,0.07,-1.00
0.01,0.07,-1.00
0.01,0.07,-1.00
0.01,0.07,-1.00
0.01,0.07,-1.00
0.01,0.07,-1.00
0.01,0.07,-1.00
0.01,0.07,-1.00
0.01,0.07,-1.00
0.01,0.07,-1.00
0.01,0.07,-1.00
0.01,0.07,-1.00
0.01,0.07,-1.00
0.01,0.07,-1.00
0.01,0.07,-1.00
0.01,0.07,-1.00
0.01,0.07,-1.00
0.01,0.07,-1.00
0.01,0.07,-1.00
0.01,0.07,-1.00
0.01,0.07,-1.00
0.01,0.07,-1.00
0.01,0.07,-1.00
0.01,0.07,-1.00
0.01,0.07,-1.00
0.01,0.07,-1.00
0.01,0.07,-1.00
0.01,0.07,-1.00
0.01,0.07,-1.00
0.01,0.07,-1.00
0.01,0.07,-1.00
0.01,0.07,-1.00
0.01,0.07,-1.00
0.01,0.07,-1.00
0.01,0.07,-1.00
0.01,0.07,-1.00
0.01,0.07,-1.00
0.01,0.07,-1.00
0.01,0.07,-1.00
0.01,0.07,-1.00
0.01,0.07,-1.00
0.01,0.07,-1.00
0.01,0.07,-1.00
0.01,0.07,-1.00
0.01,0.07,-1.00
0.01,0.07,-1.00
0.01,0.07,-1.00
0.01,0.07,-1.00
0.01,0.07,-1.00
0.01,0.07,-1.00
0.01,0.07,-1.00
0.01,0.07,-1.00
0.01,0.07,-1.00
0.01,0.07,-1.00
0.01,0.07,-1.00
0.01,0.07,-1.00
0.01,0.07,-1.00
0.01,0.07,-1.00
0.01,0.07,-1.00
0.01,0.07,-1.00
0.01,0.07,-1.00
0.01,0.07,-1.00
0.01,0.07,-1.00




