sample13
ax,ay,az
0.12,-0.12,-0.98
0.09,-0.11,-0.97
0.06,-0.10,-0.96
0.03,-0.09,-0.95
0.00,-0.09,-0.94
-0.02,-0.08,-0.93
-0.05,-0.08,-0.91
-0.08,-0.07,-0.90
-0.08,-0.08,-0.88
-0.08,-0.08,-0.86
-0.08,-0.09,-0.85
-0.08,-0.09,-0.83
-0.09,-0.10,-0.81
-0.10,-0.11,-0.79
-0.11,-0.12,-0.78
-0.13,-0.12,-0.76
-0.14,-0.12,-0.74
-0.16,-0.12,-0.73
-0.17,-0.12,-0.72
-0.18,-0.11,-0.72
-0.19,-0.11,-0.71
-0.19,-0.10,-0.71
-0.19,-0.09,-0.72
-0.19,-0.09,-0.72
-0.19,-0.08,-0.73
-0.18,-0.08,-0.74
-0.18,-0.08,-0.75
-0.17,-0.08,-0.77
-0.17,-0.08,-0.79
-0.17,-0.08,-0.81
-0.17,-0.08,-0.83
-0.17,-0.08,-0.86
-0.18,-0.08,-0.90
-0.18,-0.09,-0.93
-0.19,-0.10,-0.98
-0.20,-0.11,-1.02
-0.21,-0.12,-1.06
-0.22,-0.13,-1.10
-0.22,-0.14,-1.13
-0.23,-0.15,-1.16
-0.24,-0.16,-1.19
-0.24,-0.16,-1.20
-0.24,-0.17,-1.21
-0.24,-0.17,-1.21
-0.23,-0.16,-1.21
-0.22,-0.16,-1.20
-0.21,-0.15,-1.18
-0.19,-0.15,-1.15
-0.18,-0.14,-1.12
-0.16,-0.14,-1.09
-0.15,-0.14,-1.06
-0.13,-0.14,-1.03
-0.12,-0.14,-1.00
-0.10,-0.14,-0.98
-0.09,-0.14,-0.97
-0.09,-0.15,-0.96
-0.09,-0.16,-0.97
-0.09,-0.17,-0.98
-0.10,-0.20,-1.01
-0.12,-0.22,-1.05
-0.14,-0.25,-1.09
-0.16,-0.27,-1.14
-0.19,-0.30,-1.21
-0.22,-0.32,-1.27
-0.26,-0.34,-1.33
-0.30,-0.35,-1.39
-0.33,-0.35,-1.44
-0.36,-0.35,-1.48
-0.39,-0.35,-1.50
-0.42,-0.34,-1.52
-0.43,-0.33,-1.52
-0.45,-0.32,-1.52
-0.45,-0.32,-1.50
-0.45,-0.31,-1.48
-0.45,-0.31,-1.46
-0.45,-0.30,-1.43
-0.43,-0.30,-1.40
-0.42,-0.30,-1.37
-0.40,-0.30,-1.33
-0.38,-0.31,-1.28
-0.36,-0.31,-1.24
-0.33,-0.32,-1.19
-0.30,-0.32,-1.15
-0.27,-0.33,-1.10
-0.23,-0.33,-1.05
-0.20,-0.34,-1.00
-0.16,-0.34,-0.94
-0.11,-0.34,-0.89
-0.07,-0.34,-0.83
-0.03,-0.33,-0.78
0.01,-0.32,-0.73
0.05,-0.31,-0.68
0.08,-0.29,-0.64
0.10,-0.27,-0.60
0.12,-0.25,-0.58
0.13,-0.23,-0.56
0.14,-0.21,-0.55
0.14,-0.20,-0.54
0.14,-0.18,-0.54
0.13,-0.17,-0.55
0.12,-0.16,-0.55
0.11,-0.14,-0.57
0.09,-0.13,-0.58
0.08,-0.12,-0.59
0.07,-0.12,-0.61
0.06,-0.12,-0.62
0.05,-0.11,-0.63
0.05,-0.11,-0.64
0.05,-0.11,-0.64
0.05,-0.12,-0.65
0.05,-0.12,-0.65
0.05,-0.13,-0.65
0.05,-0.14,-0.65
0.05,-0.14,-0.66
0.04,-0.15,-0.66
0.04,-0.16,-0.67
0.03,-0.16,-0.69
0.02,-0.17,-0.71
0.00,-0.17,-0.72
-0.01,-0.17,-0.74
-0.03,-0.18,-0.76
-0.04,-0.18,-0.78
-0.05,-0.19,-0.80
-0.06,-0.19,-0.82
-0.06,-0.20,-0.84
-0.07,-0.21,-0.86
-0.06,-0.21,-0.87
-0.05,-0.22,-0.89
-0.04,-0.23,-0.89
-0.03,-0.23,-0.90
-0.01,-0.24,-0.91
0.00,-0.24,-0.92
0.01,-0.24,-0.93
0.03,-0.25,-0.94
0.04,-0.25,-0.95
0.05,-0.26,-0.97
0.05,-0.26,-0.98
0.06,-0.26,-0.98
0.07,-0.27,-0.99
0.07,-0.27,-1.00
0.08,-0.27,-1.00
0.08,-0.27,-1.01
0.07,-0.27,-1.03
0.06,-0.26,-1.04
0.05,-0.26,-1.06
0.03,-0.26,-1.07
0.01,-0.25,-1.09
-0.01,-0.25,-1.10
-0.03,-0.24,-1.11
-0.04,-0.23,-1.12
-0.06,-0.22,-1.14
-0.07,-0.22,-1.15
-0.09,-0.21,-1.17
-0.10,-0.21,-1.18
-0.12,-0.21,-1.20
-0.14,-0.20,-1.22
-0.16,-0.20,-1.23
-0.18,-0.20,-1.25
-0.20,-0.20,-1.26
-0.22,-0.19,-1.27
-0.23,-0.20,-1.28
-0.24,-0.20,-1.28
-0.25,-0.21,-1.29
-0.26,-0.22,-1.30
-0.27,-0.23,-1.30
-0.27,-0.25,-1.31
-0.28,-0.26,-1.31
-0.28,-0.27,-1.32
-0.29,-0.28,-1.32
-0.29,-0.28,-1.32
-0.30,-0.29,-1.31
-0.30,-0.29,-1.31
-0.29,-0.29,-1.29
-0.29,-0.29,-1.28
-0.28,-0.29,-1.26
-0.27,-0.29,-1.24
-0.25,-0.29,-1.22
-0.23,-0.28,-1.21
-0.21,-0.28,-1.18
-0.18,-0.28,-1.16
-0.15,-0.27,-1.14
-0.12,-0.27,-1.12
-0.09,-0.27,-1.10
-0.06,-0.28,-1.09
-0.03,-0.28,-1.07
0.01,-0.29,-1.06
0.04,-0.30,-1.05
0.07,-0.30,-1.04
0.10,-0.30,-1.03
0.12,-0.30,-1.02
0.14,-0.30,-1.01
0.16,-0.29,-1.00
0.17,-0.28,-0.99
0.19,-0.27,-0.98
0.20,-0.26,-0.98
0.21,-0.25,-0.97
0.22,-0.24,-0.96
0.24,-0.23,-0.95
0.25,-0.22,-0.93
0.26,-0.21,-0.92
0.27,-0.20,-0.91
0.28,-0.19,-0.89
0.28,-0.18,-0.88
0.29,-0.17,-0.86
0.29,-0.16,-0.85
0.29,-0.15,-0.83
0.30,-0.14,-0.82
0.30,-0.14,-0.80
0.30,-0.13,-0.80
0.30,-0.13,-0.79
0.30,-0.12,-0.78
0.30,-0.12,-0.78
0.29,-0.11,-0.78
0.29,-0.11,-0.78
0.29,-0.10,-0.78
0.29,-0.10,-0.78
0.28,-0.10,-0.78
0.28,-0.09,-0.78
0.27,-0.09,-0.78
0.27,-0.08,-0.78
0.26,-0.07,-0.78
0.26,-0.07,-0.78
0.25,-0.06,-0.78
0.25,-0.06,-0.78
0.24,-0.06,-0.79
0.23,-0.05,-0.79
0.23,-0.05,-0.79
0.22,-0.05,-0.80
0.22,-0.05,-0.80
0.21,-0.04,-0.81
0.20,-0.04,-0.82
0.19,-0.04,-0.83
0.18,-0.04,-0.84
0.18,-0.05,-0.85
0.17,-0.05,-0.86
0.17,-0.05,-0.88
0.16,-0.06,-0.89
0.16,-0.06,-0.91
0.15,-0.06,-0.92
0.15,-0.06,-0.93
0.15,-0.06,-0.94
0.15,-0.06,-0.95
0.15,-0.06,-0.96
0.15,-0.06,-0.97
0.16,-0.06,-0.97
0.16,-0.06,-0.97
0.16,-0.06,-0.98
0.17,-0.06,-0.98
0.17,-0.06,-0.98
0.18,-0.06,-0.99
0.18,-0.06,-0.99
0.19,-0.06,-1.00
0.19,-0.07,-1.00
0.19,-0.07,-1.01
0.19,-0.07,-1.01
0.19,-0.07,-1.01
0.20,-0.07,-1.02
0.20,-0.07,-1.02
0.20,-0.07,-1.02
0.20,-0.07,-1.02
0.20,-0.07,-1.02
0.20,-0.07,-1.02
0.20,-0.07,-1.02
0.20,-0.08,-1.02
0.20,-0.08,-1.02
0.20,-0.08,-1.02
0.19,-0.08,-1.02
0.19,-0.07,-1.01
0.19,-0.07,-1.01
0.19,-0.07,-1.00
0.19,-0.06,-0.99
0.19,-0.06,-0.99
0.19,-0.06,-0.98
0.19,-0.05,-0.98
0.19,-0.05,-0.97
0.18,-0.05,-0.97
0.18,-0.04,-0.97
0.17,-0.04,-0.97
0.16,-0.04,-0.97
0.16,-0.03,-0.97
0.15,-0.03,-0.98
0.14,-0.03,-0.98
0.14,-0.02,-0.98
0.13,-0.02,-0.99
0.13,-0.02,-0.99
0.13,-0.02,-0.99




