sample16
ax,ay,az
0.07,-0.04,-0.90
0.03,-0.03,-0.81
-0.01,-0.03,-0.72
-0.04,-0.04,-0.63
-0.07,-0.05,-0.54
-0.10,-0.06,-0.47
-0.13,-0.09,-0.40
-0.17,-0.13,-0.34
-0.16,-0.18,-0.38
-0.16,-0.25,-0.44
-0.16,-0.32,-0.51
-0.16,-0.41,-0.59
-0.17,-0.50,-0.68
-0.18,-0.60,-0.78
-0.19,-0.69,-0.88
-0.19,-0.78,-0.98
-0.19,-0.87,-1.07
-0.19,-0.94,-1.15
-0.19,-1.01,-1.23
-0.19,-1.06,-1.29
-0.19,-1.09,-1.35
-0.20,-1.12,-1.39
-0.20,-1.14,-1.43
-0.20,-1.15,-1.45
-0.21,-1.16,-1.48
-0.21,-1.16,-1.49
-0.21,-1.16,-1.50
-0.21,-1.17,-1.50
-0.20,-1.17,-1.49
-0.20,-1.17,-1.48
-0.19,-1.16,-1.46
-0.18,-1.16,-1.44
-0.18,-1.16,-1.41
-0.17,-1.17,-1.38
-0.17,-1.17,-1.35
-0.17,-1.17,-1.32
-0.17,-1.17,-1.29
-0.17,-1.17,-1.26
-0.17,-1.17,-1.23
-0.16,-1.16,-1.20
-0.15,-1.14,-1.18
-0.15,-1.12,-1.15
-0.14,-1.09,-1.11
-0.12,-1.05,-1.08
-0.11,-1.01,-1.04
-0.09,-0.96,-1.00
-0.07,-0.91,-0.96
-0.06,-0.85,-0.91
-0.04,-0.79,-0.87
-0.02,-0.72,-0.82
-0.00,-0.66,-0.76
0.01,-0.58,-0.71
0.03,-0.51,-0.66
0.06,-0.44,-0.60
0.08,-0.37,-0.55
0.10,-0.29,-0.49
0.11,-0.22,-0.44
0.13,-0.16,-0.39
0.15,-0.10,-0.35
0.15,-0.04,-0.31
0.16,0.01,-0.28
0.17,0.06,-0.25
0.17,0.09,-0.23
0.17,0.12,-0.22
0.16,0.15,-0.21
0.16,0.16,-0.21
0.16,0.18,-0.20
0.15,0.18,-0.20
0.14,0.18,-0.20
0.13,0.18,-0.19
0.13,0.18,-0.19
0.11,0.17,-0.18
0.10,0.15,-0.18
0.09,0.13,-0.18
0.07,0.11,-0.19
0.05,0.08,-0.21
0.04,0.05,-0.23
0.02,0.01,-0.26
-0.00,-0.02,-0.30
-0.02,-0.06,-0.33
-0.03,-0.10,-0.36
-0.04,-0.13,-0.39
-0.04,-0.16,-0.41
-0.04,-0.20,-0.43
-0.04,-0.24,-0.46
-0.03,-0.28,-0.49
-0.01,-0.34,-0.53
0.00,-0.40,-0.58
0.03,-0.47,-0.64
0.06,-0.55,-0.72
0.09,-0.63,-0.80
0.12,-0.71,-0.88
0.16,-0.79,-0.96
0.20,-0.87,-1.04
0.24,-0.94,-1.12
0.29,-1.01,-1.20
0.34,-1.06,-1.26
0.38,-1.10,-1.32
0.42,-1.13,-1.36
0.44,-1.15,-1.40
0.45,-1.15,-1.42
0.45,-1.14,-1.44
0.42,-1.12,-1.45
0.39,-1.10,-1.45
0.34,-1.07,-1.45
0.29,-1.03,-1.45
0.23,-1.00,-1.45
0.18,-0.97,-1.44
0.12,-0.95,-1.44
0.07,-0.93,-1.44
0.03,-0.92,-1.44
-0.00,-0.91,-1.43
-0.02,-0.91,-1.43
-0.04,-0.92,-1.43
-0.05,-0.93,-1.43
-0.04,-0.95,-1.42
-0.03,-0.96,-1.41
-0.01,-0.97,-1.39
0.01,-0.97,-1.36
0.03,-0.97,-1.33
0.04,-0.95,-1.29
0.06,-0.92,-1.24
0.07,-0.88,-1.18
0.09,-0.83,-1.12
0.10,-0.78,-1.06
0.11,-0.73,-1.00
0.12,-0.68,-0.94
0.14,-0.63,-0.88
0.15,-0.59,-0.83
0.17,-0.54,-0.79
0.18,-0.49,-0.75
0.19,-0.45,-0.71
0.21,-0.41,-0.68
0.22,-0.37,-0.65
0.23,-0.33,-0.62
0.24,-0.29,-0.60
0.25,-0.25,-0.57
0.26,-0.22,-0.55
0.27,-0.18,-0.54
0.28,-0.15,-0.52
0.29,-0.12,-0.51
0.29,-0.09,-0.51
0.29,-0.07,-0.51
0.29,-0.05,-0.51
0.29,-0.03,-0.51
0.28,-0.01,-0.52
0.27,-0.00,-0.54
0.26,0.00,-0.56
0.24,0.01,-0.58
0.22,0.01,-0.60
0.21,0.02,-0.63
0.19,0.02,-0.65
0.18,0.02,-0.67
0.17,0.02,-0.70
0.16,0.01,-0.72
0.15,0.01,-0.75
0.15,0.01,-0.77
0.14,0.01,-0.79
0.14,0.00,-0.81
0.13,0.00,-0.83
0.12,-0.00,-0.84
0.12,-0.00,-0.86
0.11,-0.01,-0.88
0.10,-0.01,-0.89
0.10,-0.01,-0.91
0.10,-0.01,-0.92
0.09,-0.01,-0.93
0.09,-0.01,-0.94
0.09,-0.01,-0.95
0.09,-0.01,-0.96
0.09,-0.01,-0.96
0.10,-0.01,-0.97
0.10,-0.01,-0.97
0.10,-0.01,-0.97
0.11,-0.00,-0.98
0.11,-0.00,-0.98
0.11,-0.01,-0.98
0.12,-0.01,-0.98
0.12,-0.01,-0.98
0.13,-0.01,-0.99
0.13,-0.01,-0.99
0.13,-0.02,-0.99
0.13,-0.02,-1.00
0.13,-0.02,-1.00
0.13,-0.02,-1.01
0.13,-0.03,-1.01
0.13,-0.03,-1.01
0.13,-0.03,-1.01
0.13,-0.03,-1.02
0.13,-0.04,-1.02
0.13,-0.04,-1.02
0.12,-0.04,-1.02
0.12,-0.04,-1.02
0.12,-0.05,-1.02
0.12,-0.05,-1.02
0.12,-0.05,-1.02
0.12,-0.05,-1.02
0.12,-0.05,-1.01
0.12,-0.05,-1.01
0.11,-0.05,-1.01
0.11,-0.05,-1.01
0.11,-0.05,-1.00
0.11,-0.05,-1.00
0.10,-0.05,-1.00
0.10,-0.05,-0.99
0.10,-0.05,-0.99
0.10,-0.05,-0.99
0.09,-0.06,-0.99
0.09,-0.05,-0.98
0.09,-0.05,-0.98
0.09,-0.06,-0.98
0.09,-0.06,-0.98
0.09,-0.06,-0.98
0.09,-0.06,-0.98
0.09,-0.06,-0.97
0.09,-0.06,-0.98
0.10,-0.06,-0.98
0.10,-0.07,-0.98
0.10,-0.07,-0.98
0.10,-0.08,-0.99
0.11,-0.08,-0.99
0.11,-0.08,-1.00
0.11,-0.08,-1.00
0.11,-0.08,-1.00
0.11,-0.08,-1.01
0.11,-0.08,-1.01
0.11,-0.08,-1.01
0.10,-0.08,-1.01
0.10,-0.08,-1.01
0.10,-0.08,-1.01
0.10,-0.07,-1.01
0.11,-0.07,-1.01
0.11,-0.07,-1.01
0.11,-0.07,-1.01
0.11,-0.07,-1.01
0.10,-0.07,-1.01
0.10,-0.07,-1.01
0.10,-0.07,-1.01
0.10,-0.07,-1.01
0.10,-0.06,-1.00
0.10,-0.06,-1.00
0.10,-0.06,-1.00
0.10,-0.06,-0.99
0.10,-0.06,-0.99
0.10,-0.05,-0.98
0.09,-0.05,-0.98
0.09,-0.05,-0.97
0.09,-0.05,-0.97
0.09,-0.05,-0.97
0.08,-0.05,-0.97
0.08,-0.06,-0.97
0.08,-0.06,-0.98
0.08,-0.07,-0.98
0.08,-0.08,-0.99
0.08,-0.08,-0.99
0.08,-0.09,-1.00
0.08,-0.09,-1.00
0.08,-0.10,-1.00
0.08,-0.10,-1.01
0.09,-0.10,-1.01
0.09,-0.10,-1.01
0.09,-0.10,-1.01
0.09,-0.10,-1.00
0.09,-0.10,-1.00
0.09,-0.09,-1.00
0.09,-0.09,-1.00
0.09,-0.09,-1.00
0.09,-0.09,-1.00
0.09,-0.09,-1.00
0.09,-0.08,-1.00
0.09,-0.08,-1.00
0.09,-0.09,-1.00
0.09,-0.09,-1.00
0.09,-0.09,-1.00
0.09,-0.09,-1.00
0.09,-0.09,-1.00
0.09,-0.09,-1.00
0.09,-0.09,-1.00
0.09,-0.09,-1.00
0.09,-0.09,-1.00
0.08,-0.08,-1.00
0.08,-0.08,-0.99
0.08,-0.08,-0.99
0.08,-0.08,-0.99
0.08,-0.08,-0.99
0.08,-0.08,-0.99




